0 1 
0 1 7 44 45 46 47 48 49 50 51 52 53 54 55 56 57 59 60 61 64 65 66 68 73 76 77 83 84 86 89 92 93 94 105 106 107 115 117 119 120 121 126 128 
0 1 2 4 5 8 9 10 16 17 18 20 32 33 34 36 40 64 128 129 130 132 136 144 160 
0 1 2 3 4 5 6 7 8 9 16 17 18 19 20 21 22 23 24 25 32 33 34 35 36 37 38 39 40 41 48 49 50 51 52 53 54 55 56 57 64 65 66 67 68 69 70 71 72 73 80 81 82 83 84 85 86 87 88 89 90 96 97 98 99 100 101 102 103 104 105 106 112 113 114 115 116 117 118 119 120 121 122 144 145 146 147 148 149 150 151 152 153 160 161 162 163 164 165 166 167 168 169 176 177 178 179 180 181 182 183 184 185 192 193 194 195 196 197 198 199 200 201 208 209 210 211 212 213 214 215 216 217 224 225 226 227 228 229 230 231 232 233 240 241 242 243 244 245 246 247 248 249 
0 2 3 4 18 19 20 34 35 36 37 50 51 52 53 66 67 68 69 82 83 84 85 98 99 100 101 114 115 116 117 145 146 147 148 161 162 163 164 177 178 179 180 193 194 195 196 209 210 211 212 225 226 227 228 241 242 243 244 
0 162 
0 2 3 4 5 6 7 18 19 20 21 22 23 34 35 36 37 38 39 51 52 53 54 55 67 68 69 70 71 83 84 85 86 87 99 100 101 102 103 115 116 117 118 119 146 147 148 149 150 162 163 164 165 166 178 179 180 181 182 183 194 195 196 197 198 199 210 211 212 213 214 215 226 227 228 229 230 231 242 243 244 245 246 247 
0 183 
0 2 3 4 5 6 7 8 18 19 20 21 22 23 24 34 35 36 37 38 39 40 50 51 52 53 54 55 56 66 67 68 69 70 71 72 82 83 84 85 86 87 88 98 99 100 101 102 103 104 114 115 116 117 118 119 120 145 146 147 148 149 150 151 152 161 162 163 164 165 166 167 168 177 178 179 180 181 182 183 184 194 195 196 197 198 199 200 210 211 212 213 214 215 216 226 227 228 229 230 231 232 242 243 244 245 246 247 248 
0 1 2 3 4 5 6 7 8 9 10 11 12 13 14 15 16 26 28 30 32 34 36 37 38 39 40 41 42 43 44 45 46 47 48 49 50 51 52 53 54 55 56 57 58 59 60 61 62 63 64 65 66 67 68 69 70 71 72 73 74 75 76 77 78 79 80 81 82 83 84 85 86 87 88 89 90 91 92 93 94 95 96 97 98 99 100 101 102 103 104 105 106 107 108 109 110 111 112 113 114 115 116 227 228 229 230 231 232 233 234 235 236 237 238 249 250 251 252 253 254 255 
0 2 4 16 17 18 19 20 21 22 23 36 38 40 124 246 
9 255 
0 255 
0 50 66 82 
0 255 
0 255 
0 5 10 15 20 25 
11 12 13 14 15 16 17 18 19 20 21 22 23 24 25 26 27 28 29 30 31 32 33 34 35 36 
0 1 7 12 13 14 15 16 17 18 19 24 25 26 27 28 29 30 31 32 33 36 37 38 39 44 45 46 47 49 51 52 55 56 57 58 59 60 61 62 63 
6 13 14 15 19 21 22 23 26 27 28 29 30 31 32 39 40 41 45 46 47 54 55 56 57 59 60 61 62 63 
2 10 14 15 23 26 29 30 31 32 40 41 45 47 55 59 60 61 62 63 
14 15 27 30 31 33 41 45 51 56 57 59 60 61 62 63 
15 29 30 31 41 55 57 58 59 60 61 62 63 
14 15 30 31 45 55 57 59 60 61 62 63 
17 19 80 81 82 83 
0 
23 24 25 26 27 28 29 30 31 32 33 34 35 36 37 38 39 40 41 42 43 44 45 46 47 48 49 50 51 52 53 54 55 56 57 58 59 60 61 62 63 64 65 66 67 68 69 70 71 72 73 74 75 76 77 78 79 80 
43 
35 36 37 38 39 40 41 42 43 44 45 46 47 48 49 50 51 52 53 54 55 56 57 58 59 60 61 62 63 64 65 66 67 68 69 70 71 72 73 74 75 76 77 78 79 80 81 82 83 84 85 86 87 88 89 90 91 92 93 94 95 96 97 98 99 100 101 102 103 104 105 106 107 108 109 110 111 112 113 114 115 116 117 
117 
1 2 3 4 5 6 7 8 9 10 11 12 13 14 15 16 17 18 19 20 21 22 23 24 25 26 27 28 29 30 31 32 33 34 35 36 37 38 39 40 41 42 43 44 45 46 47 48 49 50 51 52 53 54 55 56 57 58 59 60 61 62 63 64 65 66 67 68 69 70 71 72 73 74 75 76 77 78 79 80 81 82 83 84 85 86 87 88 89 90 91 92 93 94 95 96 97 98 99 100 101 102 103 104 105 106 107 108 109 110 111 112 113 114 115 116 117 118 119 120 121 122 123 124 125 126 127 128 129 130 131 132 133 134 135 136 137 138 139 140 141 142 143 144 145 146 147 148 149 150 151 180 
0 
36 
63 
63 
63 
63 
63 
63 
110 
0 
23 
0 1 4 128 
0 4 8 12 16 20 24 28 32 36 40 44 48 52 56 60 
0 2 4 6 8 10 12 14 16 18 20 22 24 26 28 30 32 34 36 38 40 42 44 46 48 50 52 54 56 58 60 62 64 66 68 70 72 74 76 78 80 82 84 86 88 90 92 94 96 98 100 102 104 106 108 110 112 114 116 118 120 122 124 126 
0 2 4 6 8 10 12 14 16 18 20 22 24 26 28 30 32 34 36 38 40 42 44 46 48 50 52 54 56 58 60 62 64 66 68 70 72 74 76 78 80 82 84 86 88 90 92 94 96 98 100 102 104 106 108 110 112 114 116 118 120 122 124 126 
0 2 4 6 8 10 12 14 16 18 20 22 24 26 28 30 32 34 36 38 40 42 44 46 48 50 52 54 56 58 60 62 64 66 68 70 72 74 76 78 80 82 84 86 88 90 92 94 96 98 100 102 104 106 108 110 112 114 116 118 120 122 124 126 
0 2 4 6 8 10 12 14 16 18 20 22 24 26 28 30 32 34 36 38 40 42 44 46 48 50 52 54 56 58 60 62 64 66 68 70 72 74 76 78 80 82 84 86 88 90 92 94 96 98 100 102 104 106 108 110 112 114 116 118 120 122 124 126 
0 1 2 3 4 5 6 7 8 9 10 11 12 13 14 15 16 17 18 19 20 21 22 23 24 25 26 27 28 29 30 31 32 33 34 35 36 37 38 39 40 42 43 44 46 47 48 49 50 51 52 54 55 56 57 58 59 60 61 62 63 64 65 66 67 68 69 70 71 72 74 75 76 78 79 80 82 83 84 85 86 87 88 89 91 92 93 94 95 96 98 99 100 101 102 103 104 106 107 108 110 111 112 113 114 115 116 117 118 119 120 121 122 123 124 125 126 127 128 130 131 132 134 135 137 138 139 142 143 146 147 150 151 154 156 158 159 160 161 163 166 167 168 174 175 176 177 178 179 180 181 183 184 185 187 190 191 192 193 195 196 197 198 199 200 201 203 204 206 207 215 219 220 222 223 224 225 227 228 229 230 231 233 235 238 239 240 241 242 243 244 245 247 248 249 250 251 252 253 254 255 
0 1 2 3 4 5 6 7 8 9 10 11 12 13 14 15 16 17 18 19 20 21 22 23 24 25 26 27 28 29 30 31 32 33 34 35 36 37 38 39 40 42 44 46 47 48 49 50 51 52 53 54 55 56 57 58 59 60 61 62 63 64 65 66 67 68 70 71 72 73 74 75 76 77 78 79 80 81 82 83 84 86 87 88 89 90 91 92 93 94 95 96 97 98 99 100 101 102 103 104 105 106 107 108 110 111 112 113 114 115 116 118 119 120 122 123 124 125 126 127 128 130 131 132 133 134 135 138 139 140 142 143 144 145 146 147 151 153 154 157 158 159 160 162 163 166 167 170 171 174 175 176 179 183 184 185 186 187 188 190 191 192 193 194 195 196 197 198 199 200 201 203 204 205 206 207 209 211 215 216 219 223 224 225 226 227 230 231 235 236 237 238 239 240 241 242 243 247 248 249 250 251 252 253 254 255 
0 1 2 3 4 5 6 7 8 9 10 11 12 13 14 15 16 17 18 19 20 21 22 23 24 25 26 27 28 29 30 31 32 33 34 35 36 37 38 39 40 41 42 43 44 45 46 47 48 49 51 52 53 54 55 56 57 58 59 60 61 62 63 64 65 66 67 68 69 70 71 72 73 75 76 77 78 79 81 83 85 86 87 89 91 92 93 94 95 96 97 98 99 103 104 105 106 107 108 110 111 112 113 115 116 117 118 119 120 121 122 123 124 125 126 127 128 129 130 131 132 133 135 137 140 141 142 143 144 145 147 151 155 157 159 160 161 163 167 175 176 183 184 185 186 187 188 189 190 191 192 193 195 196 197 198 199 200 201 203 204 205 206 207 211 213 215 219 223 224 225 227 231 233 235 238 239 240 241 243 247 249 251 252 253 254 255 
0 1 2 3 64 65 66 67 128 129 130 131 192 193 194 195 
0 4 8 12 20 24 28 32 36 40 44 48 52 56 60 
6 14 22 26 28 30 32 34 36 38 44 46 50 54 58 60 62 66 70 78 80 82 86 90 92 94 96 98 100 102 104 106 108 110 112 114 118 120 122 124 126 
28 30 44 46 50 60 62 78 92 94 102 108 110 114 116 118 120 124 126 
30 50 62 78 94 102 110 114 116 118 122 124 126 
54 62 114 118 124 126 
63 126 127 249 252 254 255 
62 63 94 95 111 126 127 236 238 239 250 251 252 254 255 
31 115 140 142 143 158 159 223 239 243 248 251 252 253 254 255 
67 128 130 131 192 193 194 195 
0 8 12 16 20 24 28 32 36 40 44 48 52 56 60 
0 6 14 16 24 26 28 30 34 40 42 46 52 54 58 60 62 66 70 72 76 78 88 90 92 94 98 100 102 104 106 110 112 114 116 118 120 122 124 126 
14 28 30 48 58 60 62 92 94 110 112 120 122 124 126 
48 60 94 102 110 112 114 120 122 124 126 
60 62 110 116 122 124 126 
63 124 125 126 127 239 244 251 252 254 255 
60 63 119 124 126 127 231 239 244 246 247 248 249 251 252 254 255 
62 63 119 123 126 127 191 229 231 239 243 247 249 251 253 254 255 
64 66 67 131 193 194 195 
0 1 2 3 4 5 254 255 
0 191 197 
0 1 2 3 4 5 8 9 10 11 12 13 16 17 18 19 20 21 24 25 26 27 28 29 32 33 34 35 36 37 40 41 42 43 44 45 48 57 58 64 65 66 67 68 69 72 73 74 75 76 77 80 81 82 83 84 85 88 89 90 91 92 93 96 97 98 99 100 101 104 105 106 107 108 109 112 121 122 128 129 130 131 132 133 136 137 138 139 140 141 144 145 146 147 148 149 152 153 154 155 156 157 160 161 162 163 164 165 168 169 170 172 173 176 185 186 192 193 194 195 196 197 200 201 202 203 204 205 208 209 210 211 212 213 216 217 218 219 220 221 224 225 226 227 228 229 232 233 234 236 237 240 249 250 
0 1 2 3 
0 1 2 3 4 5 6 7 8 9 10 11 12 13 14 15 16 17 18 19 20 21 22 23 24 25 26 27 28 29 30 31 32 33 34 35 36 37 38 39 40 41 42 43 44 45 46 47 48 49 50 51 52 53 54 55 56 57 58 59 60 61 62 63 64 65 66 67 68 69 70 71 72 73 74 75 76 77 78 79 80 81 82 83 84 85 86 87 88 89 90 91 92 93 94 95 96 97 98 99 100 101 102 103 104 105 106 107 108 109 110 111 112 113 114 115 116 117 118 119 120 121 122 123 124 125 126 127 128 129 130 131 132 133 134 135 136 137 138 139 140 141 142 143 144 145 146 147 148 149 150 151 152 153 154 155 156 157 158 159 160 161 162 163 164 165 166 167 168 169 170 171 172 173 174 175 176 177 178 179 180 181 182 183 184 185 186 187 188 189 190 191 192 193 194 195 196 197 198 199 200 201 202 203 204 205 206 207 208 209 210 211 212 213 214 215 216 217 218 219 220 221 222 223 224 225 226 227 228 229 230 231 232 233 234 235 236 237 238 239 240 241 242 243 244 245 246 247 248 249 250 251 252 253 254 255 
0 1 2 6 
0 3 4 5 
0 1 2 3 4 5 6 7 8 9 10 11 12 13 14 15 16 17 18 19 20 21 22 23 24 25 26 27 28 29 30 31 32 33 34 35 36 37 38 39 40 41 42 43 44 45 46 47 48 49 50 51 52 53 54 55 56 57 58 59 60 61 62 63 64 65 66 67 68 69 70 71 72 
0 1 2 3 4 5 6 7 8 9 10 11 12 13 14 15 16 17 18 19 20 21 22 23 24 25 26 27 28 29 30 31 32 33 34 35 36 37 38 39 40 41 42 43 44 45 46 47 48 49 50 51 52 53 54 55 56 57 58 59 60 61 62 63 64 65 66 67 68 69 70 71 72 73 74 75 76 77 78 79 
0 4 8 12 16 20 24 
0 4 8 12 16 20 24 28 32 
14 15 16 17 18 19 20 21 22 23 24 25 26 27 28 29 30 31 32 33 34 35 36 37 38 39 40 41 42 43 44 45 46 47 48 49 50 51 52 53 54 55 56 57 58 59 60 61 62 63 64 65 66 67 68 69 70 71 72 73 74 75 76 77 78 79 80 81 82 83 84 85 86 87 88 89 90 91 92 93 94 95 96 97 98 99 100 101 102 103 104 105 106 107 246 
30 31 32 33 34 35 36 37 38 39 40 41 42 43 44 45 46 47 48 49 50 51 52 53 54 55 56 57 58 59 60 61 62 63 64 65 66 67 68 69 70 71 72 73 74 75 76 77 78 79 80 81 82 83 84 85 86 87 88 89 90 91 92 93 94 95 96 97 98 99 100 101 102 103 104 105 106 107 246 
27 28 29 30 31 32 33 34 35 36 37 38 39 40 41 42 43 44 45 46 47 48 49 50 51 52 53 54 55 56 57 58 59 60 61 62 63 64 65 66 67 68 69 70 71 72 73 74 75 76 77 78 79 80 81 82 83 84 85 86 87 88 89 90 91 92 93 94 95 96 97 98 99 100 101 102 103 104 105 106 107 108 109 110 111 112 113 114 115 116 117 118 119 120 121 122 123 124 125 126 127 128 129 130 131 132 133 134 
27 28 29 30 31 32 33 34 35 36 37 38 39 40 41 42 43 44 45 46 47 48 49 50 51 52 53 54 55 56 57 58 59 60 61 62 63 64 65 66 67 68 69 70 71 72 73 74 75 76 77 78 79 80 81 82 83 84 85 86 87 88 89 90 91 92 93 94 95 96 97 98 99 100 101 102 103 104 105 106 107 108 109 110 111 112 113 114 115 116 117 118 119 120 121 122 123 124 125 126 127 128 129 130 131 132 133 134 
3 5 7 9 11 13 15 17 19 21 23 25 27 29 31 33 35 37 39 41 43 45 47 49 51 53 55 57 59 61 63 65 67 69 71 73 75 77 79 81 83 85 121 123 125 127 246 
19 21 23 25 27 29 31 33 35 37 39 41 43 45 47 49 51 53 55 57 59 61 63 65 67 69 71 73 75 77 79 81 83 85 121 123 125 127 246 
44 45 46 47 48 49 50 51 52 53 54 55 56 57 58 59 60 61 62 63 64 65 66 67 68 69 70 71 72 73 74 75 76 77 78 79 80 81 82 83 84 85 86 87 88 89 90 91 92 93 94 95 96 98 99 101 102 103 104 105 106 107 108 111 112 113 114 115 116 117 118 119 120 121 122 123 125 126 
44 45 46 47 48 49 50 51 52 53 54 55 56 57 58 59 60 61 62 63 64 65 66 67 68 69 70 71 72 73 74 75 76 77 78 79 80 81 82 83 84 85 86 87 88 89 90 91 92 93 94 95 96 97 98 99 100 101 102 103 104 105 106 107 108 109 111 112 113 114 115 116 117 118 119 120 121 122 123 125 126 
0 80 
0 1 2 3 4 5 6 7 8 9 10 11 12 13 14 15 16 17 18 19 20 21 22 23 24 25 26 27 28 29 30 31 32 33 34 35 36 37 38 39 40 41 42 43 44 45 46 47 48 49 50 51 52 53 54 55 56 57 58 59 60 61 62 63 64 65 66 67 68 69 70 71 72 73 74 75 76 77 78 79 80 81 82 83 84 85 86 87 88 89 90 91 92 93 94 95 96 97 98 99 100 101 102 103 104 105 106 107 108 109 110 111 112 113 114 115 116 117 118 119 120 121 122 123 124 125 126 127 128 129 130 131 132 133 134 135 136 137 138 139 140 141 142 143 144 145 146 147 148 149 150 151 152 153 154 155 156 157 158 159 160 161 162 163 164 165 166 167 168 169 170 171 172 173 174 175 176 177 178 179 180 181 182 183 184 185 186 187 188 189 190 191 192 193 194 195 196 197 198 199 200 201 202 203 204 205 206 207 208 209 210 211 212 213 214 215 216 217 218 219 220 221 222 223 224 225 226 227 228 229 230 231 232 233 234 235 236 237 238 239 240 241 242 243 244 245 246 247 248 249 250 251 252 253 254 255 
0 24 
0 
0 52 131 241 
0 82 151 229 
0 1 115 196 
0 51 65 246 
0 20 163 209 
0 7 176 194 
0 183 197 
0 39 85 226 
0 128 
0 1 2 3 170 
0 170 
0 5 16 21 32 37 48 53 64 69 80 85 96 101 112 117 128 133 144 149 161 
0 161 
0 1 2 3 4 5 6 7 8 9 10 11 12 13 14 15 16 17 18 19 20 21 22 23 24 25 26 27 28 29 30 31 32 33 34 35 36 37 38 39 40 41 42 43 44 45 46 47 48 49 50 51 52 53 54 55 56 57 58 59 60 61 62 63 64 65 66 67 68 69 70 71 72 73 74 75 76 77 78 79 80 81 82 83 84 85 86 87 88 89 90 91 92 93 94 95 96 97 98 99 100 101 102 103 104 105 106 107 108 109 110 111 112 113 114 115 116 117 118 119 120 121 122 123 124 125 126 127 128 129 130 131 132 133 134 135 136 137 138 139 140 141 142 143 144 145 146 147 148 149 150 151 152 153 154 155 156 157 158 159 160 161 162 163 164 165 166 167 168 169 170 171 172 173 174 175 176 177 178 179 180 181 182 183 184 185 186 187 188 189 190 191 192 193 194 195 196 197 198 199 200 201 202 203 204 205 206 207 208 209 210 211 212 213 214 215 216 217 218 219 220 221 222 223 224 225 226 227 228 229 230 231 232 233 234 235 236 237 238 239 240 241 242 243 244 245 246 247 248 249 250 251 252 253 254 255 
15 31 45 59 61 63 
0 
0 1 4 128 
0 1 2 3 4 5 6 7 63 127 139 157 171 191 209 255 
0 1 2 3 4 5 9 252 255 
0 171 180 189 255 
0 
0 1 40 189 255 
0 252 
0 2 
0 
0 5 16 21 32 37 48 
0 
0 84 89 94 99 
0 252 255 
0 
0 
148 167 219 235 
251 253 254 
7 22 109 159 166 192 233 
242 243 244 245 254 
