0 
0 1 7 44 45 47 48 49 50 53 128 
0 1 2 4 5 8 9 16 17 32 33 34 64 128 129 130 132 136 144 
0 1 2 3 4 5 6 7 8 9 16 17 18 19 20 21 22 23 24 25 32 33 34 35 36 37 38 39 40 41 48 49 50 51 52 53 54 55 56 57 64 65 66 67 68 69 70 71 72 73 80 81 82 83 84 85 86 87 88 89 90 96 97 98 99 100 101 102 103 104 105 106 112 113 114 115 116 117 118 119 120 121 122 144 145 146 147 148 149 150 151 152 153 160 161 162 163 164 165 166 167 168 169 176 177 178 179 180 181 182 183 184 185 192 193 194 195 196 197 198 199 200 201 208 209 210 211 212 213 214 215 216 217 224 225 226 227 228 229 230 231 232 233 240 241 242 243 244 245 246 247 248 249 
0 2 3 18 19 20 34 35 36 50 51 52 66 67 68 82 83 84 98 99 100 114 115 116 145 146 147 161 162 163 177 178 179 193 194 195 209 210 211 225 226 227 241 242 243 
0 162 
0 2 18 34 83 99 115 146 162 178 194 210 226 242 
0 183 
0 2 3 4 5 6 7 8 18 19 20 21 22 23 24 34 35 36 37 38 40 50 51 52 53 54 55 66 67 68 69 70 71 72 82 83 84 85 86 87 88 98 99 100 101 102 103 104 114 115 116 117 118 119 120 145 146 147 148 150 151 161 162 163 164 165 167 178 179 180 181 182 183 184 194 195 196 197 198 199 200 210 211 212 213 214 215 216 226 227 228 229 230 231 232 242 243 244 246 247 248 
0 1 2 3 4 5 6 7 8 9 10 11 12 13 14 15 16 26 28 30 32 34 36 37 38 39 40 42 43 44 45 46 47 48 49 50 51 52 54 55 56 57 58 60 61 62 64 65 66 67 68 69 70 71 72 73 74 75 76 77 78 79 80 81 82 83 84 85 86 87 88 89 90 91 92 93 94 95 96 97 98 99 100 101 102 103 104 105 106 107 108 109 110 111 112 113 114 115 116 227 228 229 230 231 232 233 234 235 236 237 238 249 250 251 252 253 254 255 
0 4 16 17 18 19 20 21 22 23 36 38 40 124 246 
9 255 
0 255 
0 50 66 82 
0 255 
0 255 
0 5 
24 25 26 27 28 29 30 31 32 33 34 35 36 
15 30 31 60 61 62 63 
15 30 31 60 61 62 63 
15 30 31 60 61 62 63 
15 30 31 61 62 63 
15 30 31 61 62 63 
15 30 31 61 62 63 
80 81 82 
0 
23 24 25 26 27 28 29 30 31 32 33 34 35 36 37 38 39 40 41 42 43 44 45 46 47 48 49 50 51 52 53 54 55 56 57 58 59 60 61 62 63 64 65 66 
43 
35 36 37 38 39 40 41 42 43 44 45 46 47 
117 
1 2 3 4 5 6 7 8 9 10 11 12 13 14 15 16 17 18 19 20 21 22 23 24 25 26 27 28 29 30 31 32 33 34 35 36 37 38 39 40 41 42 43 44 45 46 47 48 49 50 51 52 53 54 55 56 57 58 59 60 61 62 79 80 81 82 83 84 85 86 87 88 89 90 91 92 93 94 95 96 97 98 99 100 101 102 103 104 105 106 107 108 109 110 111 112 113 114 115 116 117 118 119 120 121 122 123 124 125 126 127 128 129 130 131 132 133 134 135 136 137 138 139 140 141 142 143 144 145 146 147 148 149 150 151 180 
0 
36 
63 
63 
63 
63 
63 
63 
110 
0 
23 
0 1 4 128 
0 4 8 12 16 20 24 28 32 36 40 44 48 52 56 60 
0 2 4 6 8 10 12 14 16 18 20 22 24 26 28 30 32 34 36 38 40 46 48 50 52 54 56 58 62 64 66 70 72 74 78 80 82 86 88 90 94 98 102 104 106 110 112 114 116 118 120 122 124 126 
0 2 4 6 8 10 12 14 16 20 22 24 26 28 30 32 34 40 42 44 46 48 52 56 58 60 62 72 76 78 90 92 94 96 98 100 102 104 106 108 110 112 120 122 124 126 
0 2 4 6 8 10 12 14 16 18 22 24 26 28 30 32 34 38 46 50 54 62 64 70 76 78 92 94 96 98 102 106 108 110 114 120 122 124 126 
0 2 4 6 8 12 14 16 22 26 28 30 32 38 44 46 50 54 60 62 64 66 74 76 78 88 90 94 96 98 100 102 106 108 110 112 118 120 122 124 126 
0 2 3 4 5 6 7 8 12 13 14 15 22 23 24 26 27 30 31 34 35 37 38 39 44 47 55 59 62 63 66 67 79 88 89 90 92 93 94 95 98 99 101 107 108 109 111 112 119 120 122 123 124 126 127 158 159 167 183 191 195 223 227 231 239 243 247 251 254 255 
0 2 3 6 7 8 9 11 12 14 15 19 23 25 28 30 31 32 33 35 37 38 39 41 46 47 51 62 63 64 66 67 71 72 74 75 76 78 79 88 94 95 101 103 106 107 109 111 112 119 123 124 126 127 131 135 139 143 151 156 159 191 195 207 223 227 231 235 239 247 254 255 
0 1 2 3 4 6 7 8 9 11 12 14 15 16 17 19 23 24 25 27 28 29 30 31 33 35 37 39 40 41 47 63 65 67 70 71 74 87 95 99 103 104 106 115 123 127 129 131 135 137 143 147 153 157 158 159 167 179 191 193 195 198 199 223 225 227 229 231 232 234 237 239 243 247 248 250 251 252 253 255 
0 1 2 3 64 65 66 67 130 131 192 193 194 195 
0 12 28 44 48 52 56 60 
50 60 62 94 98 110 114 118 122 124 126 
60 62 124 126 
126 
126 
63 127 255 
127 255 
255 
195 
28 36 44 48 52 56 60 
30 54 58 62 102 110 114 118 122 124 126 
30 62 118 124 126 
118 126 
126 
62 127 254 255 
126 127 254 255 
255 
195 
0 1 2 3 4 5 
0 191 197 
0 1 8 9 16 17 24 25 32 33 40 41 48 57 58 64 65 72 73 80 81 88 89 96 97 104 105 112 121 122 128 129 136 137 144 145 152 153 160 161 168 169 176 185 186 192 193 200 201 208 209 216 217 224 225 232 233 240 249 250 
0 1 2 3 
0 1 2 3 4 5 6 7 8 9 10 11 12 13 14 15 16 17 18 19 20 21 22 23 24 25 26 27 28 29 30 31 32 33 34 35 36 37 38 39 40 41 42 43 44 45 46 47 48 49 50 51 52 53 54 55 56 57 58 59 60 61 62 63 64 65 66 67 68 69 70 71 72 73 74 75 76 77 78 79 80 81 82 83 84 85 86 87 88 89 90 91 92 93 94 95 96 97 98 99 100 101 102 103 104 105 106 107 108 109 110 111 112 113 114 115 116 117 118 119 120 121 122 123 124 125 126 127 128 129 130 131 132 133 134 135 136 137 138 139 140 141 142 143 144 145 146 147 148 149 150 151 152 153 154 155 156 157 158 159 160 161 162 163 164 165 166 167 168 169 170 171 172 173 174 175 176 177 178 179 180 181 182 183 184 185 186 187 188 189 190 191 192 193 194 195 196 197 198 199 200 201 202 203 204 205 206 207 208 209 210 211 212 213 214 215 216 217 218 219 220 221 222 223 224 225 226 227 228 229 230 231 232 233 234 235 236 237 238 239 240 241 242 243 244 245 246 247 248 249 250 251 252 253 254 255 
0 1 2 6 
0 3 4 5 
0 1 2 3 4 5 6 7 8 9 10 11 12 13 14 15 16 17 18 19 20 21 22 23 24 25 26 27 28 29 30 31 32 33 34 35 36 37 38 39 40 41 42 43 44 45 46 47 48 49 50 51 52 53 54 55 56 57 58 59 60 61 62 63 64 65 66 67 68 69 70 71 72 
0 1 2 3 4 5 6 7 8 9 10 11 12 13 14 15 16 17 18 19 20 21 22 23 24 25 26 27 28 29 30 31 32 33 34 35 36 37 38 39 40 41 42 43 44 45 46 47 48 49 50 51 52 53 54 55 56 57 58 59 60 61 62 63 64 65 66 67 68 69 70 71 72 73 74 75 76 77 78 79 
0 4 8 12 16 20 24 
0 4 8 12 16 20 24 28 32 
14 15 16 17 18 19 20 21 22 23 24 25 26 27 28 29 30 31 32 33 34 35 36 37 38 39 40 41 42 43 44 45 46 47 48 49 50 51 52 53 54 55 56 57 58 59 60 61 62 63 64 65 66 67 68 69 70 71 72 73 74 75 76 77 78 79 80 81 82 83 84 85 86 87 88 89 90 91 92 93 94 95 96 97 98 99 100 101 102 103 104 105 106 107 246 
39 40 41 42 43 44 45 46 47 48 49 50 51 52 53 54 55 56 57 58 59 60 61 62 63 64 65 66 67 68 69 70 71 72 73 74 75 76 77 78 79 80 81 82 83 84 85 86 87 88 89 90 91 92 93 94 95 96 97 98 99 100 101 102 103 104 105 106 107 246 
28 29 30 31 32 33 34 35 36 37 38 39 40 41 42 43 44 45 46 47 48 49 50 51 52 53 54 55 56 57 58 59 60 61 62 63 64 65 66 67 68 69 70 71 72 73 74 75 76 77 78 79 80 81 82 84 85 86 87 88 90 91 92 93 94 95 96 97 98 99 100 101 102 104 105 106 107 108 109 111 112 113 114 115 116 117 118 119 120 121 122 123 125 126 127 128 129 130 132 
28 29 30 31 32 33 34 35 36 37 38 39 40 41 42 43 44 45 46 47 48 49 50 51 52 53 54 55 56 57 58 59 60 61 62 63 64 65 66 67 68 69 70 71 72 73 74 75 76 77 78 79 80 81 82 84 85 86 87 88 90 91 92 93 94 95 96 97 98 99 100 101 102 104 105 106 107 108 109 111 112 113 114 115 116 117 118 119 120 121 122 123 125 126 127 128 129 130 131 132 
3 5 7 9 11 13 15 17 19 21 23 25 27 29 31 33 35 37 39 41 43 45 47 49 51 53 55 57 59 61 63 65 67 69 71 73 75 77 79 81 83 85 121 123 125 127 246 
19 21 23 25 27 29 31 33 35 37 39 41 43 45 47 49 51 53 55 57 59 61 63 65 67 69 71 73 75 77 79 81 83 85 121 123 125 127 246 
44 45 46 47 48 49 50 51 52 53 54 55 63 
44 45 46 47 48 49 50 51 52 53 54 55 63 
0 80 
0 1 2 3 4 5 6 7 8 9 10 11 12 13 14 15 16 17 18 19 20 21 22 23 24 25 26 27 28 29 30 31 32 33 34 35 36 37 38 39 40 41 42 43 44 45 46 47 48 49 50 51 52 53 54 55 56 57 58 59 60 61 62 63 64 65 66 67 68 69 70 71 72 73 74 75 76 77 78 79 80 81 82 83 84 85 86 87 88 89 90 91 92 93 94 95 96 97 98 99 100 101 102 103 104 105 106 107 108 109 110 111 112 113 114 115 116 117 118 119 120 121 122 123 124 125 126 127 128 129 130 131 132 133 134 135 136 137 138 139 140 141 142 143 144 145 146 147 148 149 150 151 152 153 154 155 156 157 158 159 160 161 162 163 164 165 166 167 168 169 170 171 172 173 174 175 176 177 178 179 180 181 182 183 184 185 186 187 188 189 190 191 192 193 194 195 196 197 198 199 200 201 202 203 204 205 206 207 208 209 210 211 212 213 214 215 216 217 218 219 220 221 222 223 224 225 226 227 228 229 230 231 232 233 234 235 236 237 238 239 240 241 242 243 244 245 246 247 248 249 250 251 252 253 254 255 
0 24 
0 
0 52 131 241 
0 82 151 229 
0 1 115 196 
0 51 65 246 
0 20 163 209 
0 7 176 194 
0 183 197 
0 39 85 226 
0 128 
0 1 2 3 170 
0 170 
0 5 16 21 32 37 48 53 64 69 80 85 96 101 112 117 128 133 144 161 
0 161 
0 1 2 3 4 5 6 7 8 9 10 11 12 13 14 15 16 17 18 19 20 21 22 23 24 25 26 27 28 29 30 31 32 33 34 35 36 37 38 39 40 41 42 43 44 45 46 47 48 49 50 51 52 53 54 55 56 57 58 59 60 61 62 63 64 65 66 67 68 69 70 71 72 73 74 75 76 77 78 79 80 81 82 83 84 85 86 87 88 89 90 91 92 93 94 95 96 97 98 99 100 101 102 103 104 105 106 107 108 109 110 111 112 113 114 115 116 117 118 119 120 121 122 123 124 125 126 127 128 129 130 131 132 133 134 135 136 137 138 139 140 141 142 143 144 145 146 147 148 149 150 151 152 153 154 155 156 157 158 159 160 161 162 163 164 165 166 167 168 169 170 171 172 173 174 175 176 177 178 179 180 181 182 183 184 185 186 187 188 189 190 191 192 193 194 195 196 197 198 199 200 201 202 203 204 205 206 207 208 209 210 211 212 213 214 215 216 217 218 219 220 221 222 223 224 225 226 227 228 229 230 231 232 233 234 235 236 237 238 239 240 241 242 243 244 245 246 247 248 249 250 251 252 253 254 255 
15 31 61 63 
0 
0 1 4 128 
0 1 2 3 4 5 6 7 63 127 139 157 171 191 209 255 
0 1 9 255 
0 171 180 189 255 
0 
0 1 189 255 
0 
0 2 
0 
0 5 16 21 32 37 48 
0 
0 84 89 94 99 
0 252 255 
0 
0 
148 167 219 235 
251 253 254 
7 22 109 159 166 192 233 
242 243 244 245 254 
